99,1377064934400869736100180652620800187430279757025,998893753724805964515221061677346013154704417516
49,1348266607349673548148227551168806891804787694191,763389456808298059949761425835412455224231653087
48,1270142553721078551236009096730917322391138469999,1391437789652306703527664027770476693319114984622
47,713836783983080432572143125339423809977042559646,359893181451525881129215484599102706348940194520
30,208035750062672796745561486416938603161317434383,49706709615351895445894447226043901254788154058
29,569353213347324397991457060911471696005365200030,2187299299289529558297070363423736311979651982
28,1364167979144671643993292255718916659603153928312,1066018466876920797399059769953098042902367522866
27,617738172706199154175037727714496120531269078651,271179365647589373074686253177619917050376387838
18,818015187418073672100372326259981595437768072101,124937023263712108176465532684621756824508347974
17,893496022624944394436597141500074386402129976306,430328621789274536153001493277088783418195082637
0,1186974771302332547044036684505323137663366514351,693473625472597012387505099679883933943337041906
176,335391470194887495832559483414738737261289728766,227304496164096166997931349745017167932448969630
175,836279700750034821192293855463510166530361397797,80622895819871702964912560337574971025601793317
174,301201686094294258888157411676511111991463046808,926992187032657006140135156430237516261917740808
173,31488855488465118584927445932135318530789360748,1111431444866388910695917373292806214810353306618
172,858953433818686950533468524938391394469180618978,643266234269022625612920407062845849204401436788
171,304143002517423884932093293022004026780018682115,52456287379026232879142487357507816289362963666
170,609498993041785259748593702801904039355124457059,838287813550061958046985251804596856323295367834
169,564213165603393370561578607311416010042391147070,23541782460758004620520763311388854816517711511
164,844594501015103412643185051601303375798838446857,1402213104677846314592648553899483670484609072466
163,17331754409738450758471275725444499047801598,1368930321997587011624301933338180237596240080406
162,1165784305467993297024772895616215260448533903677,774847529048614259750740655482203303745105437989
161,1323773289987285031306397062653698670480629095829,411950502796921689134440476302610845616643867134
160,75444569544624877781695144438079322045738522634,352560498581900169084087647677164957688392624072
159,1395769223607699112969995814452745461452567604691,1334834838528169491995264434707845338497234110780
158,240128728308841653360828352957303268474855475016,820763201216132461724773036384290019401815280450
138,423160922210361128712960955930358566525210413803,529702669483498018517401313042705187370414747076
137,1380060485515032822327489553396270859497758633478,373898321622661010161424286615638770490611004786
136,1348154557039675792559969250563194145302501549356,57707298666234341840098283144679718824340171307
135,1255412033408127125226316752264598109962213166236,139968581183375222961040766248032299478996486895
107,567979831636400117329476198773959217936295753106,1390253738741934157844297452561496930946379488275
106,927713859821686668740870820317959741643905974274,1171241066622994334546935578035833574702522646225
102,796558299618630381324151740225998816973186296335,620710793688606369000740055621897192362681229305
134,987602815149465805861460338445457764011422130734,51257455576789351792955974381206663945367416554
133,955005270910909217635826121990574093031280472679,749642307759881011698737060699763468173952029650
132,488632958131767785340112253902841982810933444902,184265209233756904395317230622233334938855760545
131,1434633346226812019129899867300060058657034490857,1058833415460018935228530740514405074753927074589
130,1310710274701172396928670221265053460783700295546,746301661491757294394302233850829281197369406639
129,468735502682559326213529872030875046717833265607,97116256890722720552477267457945820308244310903
128,1178175207769271830466786260341312369407317501400,1092248662764094632648049647502980175501806249254
127,401860814196658381478981876597190437358384272301,461180486017262098687581529362193412497713973835
118,190020025808216918373828377774576095064414578243,905699016572532912385266067228655806158618301483
117,257321163973400155826275014670438005646828961879,752100648969630962340866466413066432787848584698
116,842385968243128357647632925367385816683636396197,1043742267922120279957293455308996317931795622322
115,245429540013556304337698616376711302989602277398,718444152540688174016955593901106889602994005277
105,387599200003219097775096746332772336204077283831,1080295590918771363686889972599645231293516171815
104,822653573547821077133998741375660095116074199484,87620405747381564304361483703440168974535901552
103,331839372653337478247169657564502052833838990072,1076555055534097138651650340518222226614684735220
9,1390067012229294561866137862004221140120943531757,940495627582105443556078184740572226171515813637
8,1202556952164300899243101480763002772348946020082,1354726241250738444177783278664972032947638359171
3,344880708572572096395839724491090248726186103671,352167308383083117423647499043093489365487413135
90,1178967700412604191716840009628431167424341712265,1395666254734237741567910309166832616376558672237
89,293778224747823922282637734434457732687581061297,989414580275872027826766025265909727228915283506
88,348612408514341835859065586133884426144031830636,271019684562160133620163616763217146282260283883
87,540245170929218927367659252991708045984603011116,949849150550434915743502168117733168409861047931
56,240582221337314008499678471492365132641961272821,968188284029738288542928616628060085526945945565
55,274635878458360086850659050770208311346247172185,677654011228457210826320105757693253327798195689
50,781944597542096638498509886700067409102773194802,1267042374904652361602231599579742723854025429068
199,434152545371042460658905378368002536945719035301,849473916728469786123383226211813966333567329445
198,298747132130451396473262311944685710208521722937,663029533948323404358195673464445390110195842635
197,387355855225977233428157002668915350971506878719,230751391421195212615698400169988515418087971300
62,645688406405321715581778727885059984023249534532,1161189534414519699163633913196338534197409678241
61,1206027582272003790528599395017676458763890209711,648980903244512738236802701232849915972707276544
53,523943946397885957125628517459790699370506648539,667241547965579097099712492410028089830132759763
168,372781365169902323825621707913317885313028359205,1244044430228786547590037214785269892176471118408
167,272026100141665032646542985075800066281219210438,208510319290153596984760519573242877660736669298
166,410245404554134113547289276832257447331601138224,58879295154758142170680520654217786005252299730
165,593726183480139469845237282865433471015519562908,477678780278105555141630913781849176459567890727
155,804487854499588558822407857602083888376277179225,436874299723289031945960487846862700777448401506
154,114554903070544714345454515553126269598778938031,1008611962593913369521614452218995126335149824210
152,629274885547387043079868658894150476667433033188,814893430756854383154802684122072860732926471117
151,416916222102966207022138617776001473699355588387,848268125464998321809385601389518957872234893595
196,348382960838638584940828972420417434268162987188,1297425212266265093436541997498613148486589771927
195,381074772912195202198871426105390232956651774989,261310829200865150468147236186712549422625589113
194,14994076507980043184284852301821400540028073220,1222974033648157770793796020998320392350897661811
193,756064928058087904612038740118488323399720689063,13718045833594090726858976187123827134675976650
202,440535243974487792146106056925552679242047594006,1033619590876995437326320420913449028531063151536
200,783166210135836430179127270977547292425063586846,1172716779831959379568525769149341283117371496475
6,956829636619270155347874923199985467512287860025,1111626413813222894803672119467964442574286021770
5,267726834166970970575354172265649622833579580282,1416287752430631933767974888823646706120404226411
201,1043180629623699901673596058721046065994048885305,832279608519371167143287245335493974575763005583
157,18417280655186770410599904846987609498696773850,1298578511973076234237077195296051506435200637203
156,1312077799277050438239156604089991118610642249310,527724020516014430995557242040044280153141971162
153,638666770639406972697205744231173266145904933321,1364818031212010291576269578605179278101808266986
192,1287780923717514042897338280460119234170956565512,1045191985846363238728168008652671917461840839976
191,1388523851640189603130710358261647676990144786897,707045604235168826820532943912839699472031513620
190,56219015000624610922510951645041463249083942220,976197681765190769263310704646035585264735276579
189,432338806986064013933253828265380216845404826469,1239804648420815578174227622600537654503436819410
188,1240301402801708625336031152934045304275833618187,440449558301926790067008362505747806081899910101
187,261168097137787573072112942259750551648948732973,88635122500977016567720939606087109553091149080
186,50869080435676225069987467500647289496420021561,441813690493763946325375583220536683479035940186
185,213352895181436479962903518101181274476909695166,403474799528984411272201844980782731325105954940
184,1020642668960918953681721556851839161919517324274,565532333938342151299935171447420705302305594874
183,942085043578014032167954418063876041424363027874,787841203664101906269682645676032920610100422102
182,172115290330402900837860957210342649575119398462,750240147671933800556667622993197387440756165292
181,175951844346804876132957957852207181083949695814,1046873562642557013121498670618854340624927252754
180,756802778902715177045003415057839508572659254478,1084696760128912875276007545611741668025564297464
179,497827097025272909547812940439486590746606875288,209357409465995607477976624726618367113263495943
178,922614619119091032009054535813456119032755624634,708280158249910206462977168713382619487261481284
177,156635467421991425218827707144840725249301499427,1439319490302172113787587494741923792694975917693
38,111876083438904074389038606250573194402689868099,613422490610353542594838441354127148323217517951
37,621402767776470394886458026149864007850034403959,916857575781729877590614743048035517097773019838
36,1030296984809743109177557649119459026909517903116,85213733260791338655930322827177429090931272770
35,1397029537903262812449910918275839777153090463216,7579622397108906673497538866270134326483239814
34,257619395487363789277115148845527110788441050893,1204240142750322048156773821490741363589567174338
33,666140526439458147746102504926296037233988831,692962602033794251381818096760847417626915073912
32,325155900064189255385766936489438105582352302613,1043945008980127592990967302620312222232042348803
31,316200266617245465318169206856150840405852558720,373269667383843849933334794504441293635481743082
22,614849056911417778857462186816527939087368810461,1054804396730717091091285877570863010090991267205
21,905961990116735821663870230520770952927995236249,189602756370954727105083007775349505984806101224
20,1005698155509599124418730955818945533219458017742,945783051350222061790545470078877768791242144891
19,1381395963851995380749116843678612813561037099447,168900684262146484578947382913087419502046867324
12,90346017512609358600520638329482839004920188207,1002493364624804374024147045470628528875851047794
11,1299999898828107987831271845035777399803107870449,433049608097289964587653744246427830507037199156
7,72636668765253613962507115115177527081979988767,607544226204620833713445465919187256872377836573
46,55825903343720509369353121332976849160512548593,1359706350871427440389410822132827812891866090354
45,1137043747164723973899004097247694417498227474836,1110978231593179888417608309698035572678880822079
44,1145760746504139166286516994080526472905311733384,1303416930014206906884354882086992497353035379055
43,255493353018899695663864029655942999529137928898,147865991815278076302328790308224732458582697085
42,670903753972610856970080916254158688660252982309,322340566963796456709736619230099387804325172025
41,448852487389514947003988938909348973637275184042,265412766828305249186919538746809387928764026967
40,1053149428650382201862006008029441268522609034909,1129717923451559785986602541418936339628465580697
39,1014817085554541287864917182419001796590867586388,204963782069177276821687264061396533551139612674
26,64006085967797844642858115437899925706032497039,1057991133772314363946156993152561790267065897779
25,1081308537051871819528852324800522711570408718511,662161099031824070915998194791687566133221661268
24,586765882338688228931488540545208983224099295152,1321669956499681269318331863908076027197888692126
23,1289091238165340537101211825244852901800560859858,398498843749686831991571555511109137840696786895
14,759713195916576301369010779479011567257233366111,1042108275584947807851278803305652502741928423879
13,761147022575876288851317848030619239854721541332,1268000521273326064032377076598557642251323130285
10,349115874634693958036916548709063422612295236423,860287383329846444542320538415813843169630818663
16,624185991601549680417778971247575641581012660730,880492929263505175541427254097359557304990280757
15,370223463068484628669300825058888580394785650380,1043348191281674125690678126231235812751312703323
4,913430131459869380720599627911997903653441857987,57124168488066214662483571934879621755549405215
80,652668677317577626451542168233780316613284144189,717244125870820063687757875858262584340219543381
79,715190046201879776396034743600427138813538631550,921318075052473984391366208549663946873732748423
78,868658517321137383064497547802922164331328904985,478966835814977133329731126842055810201897313570
77,64673310959807835561079441697319191178851132494,158536549670056892383619930752604552932253697850
76,862134724932156878394157594258907737053293886754,27919329754137203487848454849900892767395622214
75,1456773426868429968166867301849879874565960631944,161930031030876079919296368686149776797091968435
74,1245660636526815560780479371718210719744422585356,975518710776738694075805335604130092915016927660
73,83600856243003690320926358007868983676249348448,273046225126149018721729188465942702647896751178
66,1350570751375245416619993335214191042054212578308,365308851512975290706352746386529845179194763536
65,1420291832778306263129696632288597157410564749103,1456553061930881992114429930396517052995847016320
64,501428033084443153747097606846283494385937488140,276626707244099750157833617213580303835678692882
63,230626488029563782538602733607726990130346729688,1301490043974407977900153424822203017357692887536
58,694109249422796452803556825461543840951883849843,246427942040711140606359616043588016411020922888
57,1403033750628525879339153870068333313892950897072,923937628017738473111944717050492337378862267772
54,1191919420467276350236868205854288051754674663471,192431329011062918441095381570014584379232443496
98,423812805701240990412507392381542083996163022310,718836684334104001018303985865643759447127006803
97,570032614078587228600899132597520365048082778509,530709093388476186467320656942135410832653174475
96,1042464001170698272289708559626999288810602349393,284298430940359946531312747765650686990203150429
95,1085285887803243486878578930657521464680794357455,87255006131301648119510709932741309939529162651
94,637186048064293180040432372179496527708024153415,265222367269980822233859266022899326656540549996
93,1422350870475377925867000917847201187716033830105,620710314113591021363342975853956956493898880148
92,588571558410697088376695486251089369038526015526,680108395427808429764570047589887170517754624041
91,909070141485506182932656972352563474524601973125,703461375309047384614418453213175231315923567152
70,904765798059046651269902662665876797713868163716,1353517402768137643324613988252065069408800694030
69,623386412922288885943150573786518169967486468504,1264569398979027943696417701176040277259500150675
68,255577073921012948597933463985818841622176559009,868802617278924135711995635037668924804053503860
67,1102775794676920062047423091551832832484957651153,535660857372326696048371602805663571171879434333
60,1247496943624552532617013017851549150476210285733,546036108158941527609106984137415923454961623220
59,28131384201940407671751951767292997076809779074,609617322861791651099231368950855711097035766518
52,1049947084088141142402710239146816259990202426083,699946422018178589616873909156155895766668363910
126,1029016670851179500557047499297796023549441452317,318994567129293082376224143007031609416036087354
125,920358353655216066602772745188956726318084640604,304115549324127183576731112326371627970247664139
124,405294927866119224600861158208747045025072844579,1392084359611201683662513444195952612673998531235
123,1396928705682436993377584285777900698463159783875,840897200599550152336209609394506376073917319453
122,549902593770333979179319539793277961394960546960,829116056748728767100489129065894349605389982966
121,913053672295324259280437765172854837468251808539,891229920014603013868426390507093180926039914097
120,693880460985380942518651991172031896809675915094,500088960053233172199320443664049591609751543616
119,1328245106159568453570693445069920437086103991663,242982171669866628773659632886685733548179791088
114,744368032100069978983116269917247081689348724747,910497332089883887217777155581188629111061443052
113,1054695792794939352842592332210497518224678676581,200053139431637855292912909286837600922428914181
112,339327350837818029100725816243095995510230023629,1038139845788191571091082460893643363487625547520
111,763321310290032547828263764417795421187012250051,1200895755043949985930533936454808818183039894264
110,589395008968274611390831212094788406337996561218,555026514430682379254725404886670809844431946274
109,632299096917904097097954005254700073080447204854,1261932108536932785777363093415772603143964395030
108,1444140453804752439151906543928745275607357325926,767562359063073274374241335552938954003543799919
149,946551317646580486609109230986568206146199433776,1132446798596863505066286701674659651012159372319
148,1205819944700936941866974431231831724664358640580,1007688727125618202273719146977992079982966207466
147,1393599836036666962532679198236118103759696534292,352959046470870090718084348838796778119642830390
146,1386319766853996541251514247886347798802230511676,581966796553628103157356822900330264460440949193
145,729265586225473888749958180750096631999032747977,309687026528415116597066954927470152646769200666
86,1406004021687969870631740996756145628131371070462,22987408382178352640110674859512368440714090346
85,990596126728301324478899588404684399353693505469,598403932838515766215683830202958099226917734667
84,1197845904948988960597864270599613377641285594650,824303579850865693141605419185369539918404708688
83,655920502763658705378160982235761140088426898235,907471873550604305990594395142691883009574228505
72,661733369995023194555640370398832743492344727153,1017258300917671151638104561481873273528159358516
71,734614811017761982415504962915048204420125113456,378686413222849749372683179077267493879352256063
1,16510936623887981252856019604439373860982614572,755242708927828029821791965363051974643640658441
82,1397073312949732972662592823089019447342534623143,1152246305843329803940146191783924675968386676526
81,33927480688973427744843065640664042178676437882,1282782338379091039235794360623340127573016415975
2,52032101350287776334097353471261547690074861834,198819644638772332559862568844164657007009529804
144,2714016358621630972789765105308932047078609323,369864040938017595260479259915659375437961437161
143,175419415907217826873663200965790680275672137538,1374106168285647180402857943146147090911046392284
142,1149146007664277188015587025507748613832571910225,281528413476587003625186162666436848515380955036
141,236589595645536943899031927972409127587331896334,658415654941147164360371153494810209945140064442
140,292341371757725214430796875986079145145397420403,937972957488580947123434911800027200345882337850
139,1111743957840467246701462934071171155651205934432,935760224105824852718873537632707440479050875179
100,32524871199859117504968452770458453853859720338,102369346127720872215407915563651723266011949732
51,141791573017927043671406553268268196255307477498,1392843709487939366365202286824154285587204705900
150,424639462574079388159459233903071283930029386089,464573993285741431904839778030960489265074349755
101,1074398613082357528445154992850699035689732487882,224421998626809338913001952455568318810936834749